0
0.56605434
1.6486013
1.138012
1.4531134
0.5913121
1.2740104
2.322853
1.9951113
1.0759963
0.56948763
1.5411437
0.52726173
2.247004
2.367623
1.7188846
0.54897934
1.3083669
2.4898343
0.6999189
1.0829738
1.0931604
2.2931883
1.9450841
1.8137403
1.3531747
0.54966515
1.8358444
1.0945404
1.0194328
0.6358055
0.6658739
1.9966838
2.0975707
0.8383467
2.2022088
0.8882163
0.6657837
2.412294
1.375443
2.4557955
2.4294147
0.99024975
2.14522
0.78782994
1.9498103
1.9914074
2.2209926
0.46504587
0.64536655
2.4459927
1.3533499
0.7129242
0.48327154
1.09681
0.89815396
2.3881934
0.5729929
0.54870003
0.49914867
0.9703609
2.4776433
1.768379
0.45874333
0.9675826
2.5090098
2.4398556
2.411938
0.7080398
2.0115411
0.76103544
2.324131
1.5978154
1.5554601
2.4899702
1.5650344
1.4947816
2.3417587
1.060649
2.3399415
1.374346
0.57427037
0.8529802
2.1000686
2.2048032
2.1332586
0.60186106
0.72278565
2.337901
0.67977476
0.54656243
2.4772806
0.80282056
0.5370672
0.68279904
0.6740019
2.2740314
0.859732
1.3590524
2.0661235
1.9274746
1.1678108
1.5950859
0.25880355
0.53487897
2.0197177
2.2274559
1.9333217
2.0424595
0.7692401
0.87550884
1.2711787
2.0123377
2.0696979
2.1851287
0.534549
0.5509422
2.10663
0.9757125
0.81581
1.8737549
2.2622104
0.69108444
0.2636748
0.28113836
1.878958
1.8098135
2.4934475
2.1718035
0.59997576
2.0322056
0.7832219
2.0439973
0.5241432
1.2835469
2.3094988
0.6145471
1.8512707
1.4002551
2.513999
2.3953934
1.7052146
2.4233642
2.1848936
0.5735051
2.4047592
0.5690748
2.5045726
1.3153256
1.8333589
1.0608958
0.7195885
2.3991385
0.42744792
2.229908
1.9828666
0.7653272
0.98693067
2.4932852
2.4593272
0.8116888
2.4275477
1.141491
0.4650486
2.4574542
1.1165764
2.514731
2.411337
0.5375839
0.4978953
1.7492867
0.9878306
1.9192
1.6127993
0.8660326
0.63448197
1.3591514
1.9444369
1.762878
0.74214095
0.9567689
0.6877499
1.2347285
1.9029189
0.50751036
0.9743974
0.91613966
0.7652744
2.2862785
1.7776588
1.1105301
0.9406854
1.7550263
0.82956755
1.4006689
1.7303978
0.65499073
1.1681961
0.6722219
1.7612319
0.3022986
0.6146568
2.3906772
1.988159
2.2091765
1.1858927
1.2569803
2.3195093
1.5547643
0.47263056
0.8052971
0.54010737
1.080044
1.9464192
0.8125752
0.5278757
2.24868
1.8953211
0.5753226
1.3673615
1.3751104
1.7971087
2.2928176
0.6496093
1.5413736
1.3346524
0.5518709
1.9648557
2.3299713
1.2999277
2.3648214
2.0688856
1.9103308
2.1047883
2.1541152
0.46575767
0.5457579
2.4585176
2.503172
1.5044875
1.6985312
1.7003696
0.5294981
2.2482266
0.9860792
2.2933857
0.57375467
1.9678056
2.4780552
1.8214142
0.70412457
2.4675472
2.4909444
0.5502285
1.0030397
0.8820972
1.9931738
1.5035461
2.385745
0.70019287
0.9794864
2.027494
2.324376
2.3532946
2.0853782
0.39502317
2.1690907
0.53215927
0.27056742
2.433676
0.30127168
2.2229018
1.616207
2.3473444
0.76581275
1.3303065
0.5395269
1.8534012
2.4009254
1.4983954
1.6459193
2.4210901
2.4942784
0.697879
0.7084903
2.2344525
1.797183
0.5424762
2.4004643
1.290098
2.325169
0.81813645
0.5520045
1.9821169
2.484227
2.2301965
2.193095
1.8654069
0.7981681
1.0942554
1.8270433
0.5430936
2.1313882
2.460683
0.47016078
0.9198541
0.27185446
2.426709
0.5595006
0.6125441
1.3706396
1.3152981
0.79917246
2.3847282
2.511703
1.7483773
1.4752965
0.54446137
1.5097797
0.68633646
0.52011025
1.8729869
1.4074583
2.4937177
0.508291
2.2263923
1.3069346
2.4340496
2.3938367
0.8379601
1.9705447
2.0219643
0.597339
0.7751336
0.5910698
0.52439606
0.6000863
2.3819797
0.5559282
0.7832664
2.041225
2.3620434
0.39846772
1.0197761
2.3315558
0.6445139
2.416848
0.50234497
0.5428086
1.7425572
0.76460207
2.1133761
1.7490975
2.3379793
1.3023787
0.59209
2.491827
0.95722556
2.0724268
2.5072746
1.754184
2.4878535
1.0508684
1.9624932
1.1605878
0.54271394
2.5063457
2.4567518
0.6078909
1.3493873
1.574949
1.0445988
0.6998478
0.9231474
1.8708925
0.8107467
1.7766217
1.2606685
0.39693713
1.0856683
2.348093
1.486784
2.5383308
2.2041512
2.5429459
0.55823934
1.5839417
1.8564568
1.3769717
1.8600858
0.64034843
2.2110786
0.64117223
0.7702484
1.0962303
2.2125452
1.3452417
2.1528206
1.5539262
0.7325318
0.5078925
1.1769872
1.0741336
1.2181691
1.1728508
1.0093004
2.4790788
0.61690235
1.871514
2.4524932
0.58524853
1.8783455
0.72924596
1.3971931
1.1321448
1.7601631
0.56569356
2.248008
1.9319046
0.63960665
1.8067178
2.5120623
2.0162275
0.5595754
1.7518911
2.1760626
0.95413125
0.49922514
2.471932
0.64857936
1.6636285
1.611507
1.631873
0.79641896
2.2639122
2.3480787
2.221386
1.3738611
0.8871065
2.4847639
2.2834613
1.3970445
1.0762964
0.6138122
2.4999053
1.0490524
1.3623043
2.5252116
0.41941315
1.7286265
2.516992
2.2891738
2.3169217
1.3052961
0.57454616
0.61645377
1.9793311
0.60433215
0.59292406
0.9219008
1.0117493
1.0586277
2.428444
1.683001
1.2811362
0.6660859
2.3113563
0.69513196
0.9280181
1.8374391
2.1793811
0.6146284
1.7234298
2.2381198
2.1794176
2.071856
1.9149998
2.5009408
1.5076292
0.98644346
1.0336083
2.1451116
0.32880044
1.060898
0.83322597
1.8742085
0.47636938
0.84345114
0.7504211
0.7682218
2.5077605
1.7659197
2.39711
0.6217349
1.8851538
2.336574
1.9532913
1.2904552
2.4558644
0.6577134
2.4955773
2.4635906
0.98417866
0.9749713
0.28408688
0.88304615
0.547051
0.8821147
0.46780336
2.5385847
0.6857836
0.7228054
1.5090771
0.78112644
2.1928823
0.542057
1.909945
1.4571929
0.8154999
0.92884946
2.4869704
2.435765
1.9088109
0.62048703
0.55684704
0.8908974
2.4322634
1.957834
1.6023166
1.4700379
1.5705465
0.5616902
2.232927
2.3770165
1.1052011
2.4619536
1.427003
0.5853444
1.5917112
1.3480511
2.1014874
2.3824413
1.1888288
0.52586204
0.75952756
1.315282
0.63078666
2.4898243
1.516127
2.3994815
1.1414329
2.1709645
2.5295892
1.2405852
2.2581685
1.1201315
2.4720874
0.8392793
1.3867972
1.5596004
1.2804478
1.4755589
2.4845688
0.88065386
0.56125134
1.6361256
0.508045
1.0561048
1.8980792
1.2111849
1.0705268
2.4831681
2.4656782
2.32912
0.5486304
0.598181
2.3493772
1.950671
1.3121578
0.53507274
0.7321575
0.6071861
1.1832803
1.7184365
2.4490657
0.99600154
2.236236
2.3731277
1.2439213
0.9304066
1.8566496
1.3707945
1.1805756
1.1707184
2.2126784
0.8756489
2.0838397
0.60076994
2.5310104
1.1120098
1.5258873
1.6763573
1.9398253
0.86462814
0.744447
2.4316452
0.78155226
0.8083938
1.1337899
0.47286808
1.6139715
0.5780524
1.3160552
2.4841404
1.277274
0.52908385
0.6160746
2.4745288
1.5163578
1.0783167
2.1220174
0.8760245
2.1718366
2.4477043
0.73776466
2.510878
1.8242344
1.7331222
1.1546512
1.3219278
0.9495303
2.458865
2.324089
1.1249883
0.60321426
2.4700375
0.8767521
0.8721545
0.7105225
2.428423
1.3853947
1.0085368
1.272313
0.46507615
1.1244764
2.1409423
0.5579505
0.85910034
2.4072504
0.7482928
0.63669294
2.2964976
0.5618115
1.2365
2.1990118
0.5967332
0.67527467
2.3157294
0.9367513
0.47800004
0.5884049
0.77375305
2.3886645
1.2025647
0.49644935
2.105433
2.1079886
1.0327607
2.308324
0.7041204
0.56966954
0.5766591
2.4244554
1.4242053
1.2703826
0.8442546
1.6399922
2.116012
2.3110595
2.511406
0.9998282
1.3000298
1.2052561
0.5312298
0.8173183
1.0633034
0.47118092
2.4256644
1.9656087
2.496523
1.2645056
2.4571037
2.472792
0.98325825
0.48009795
1.921579
0.9620868
0.53259224
0.31538957
1.8079106
2.13112
1.9014299
0.71829116
2.2772198
0.639984
2.0013747
2.4306357
1.1991687
0.75475794
1.4330673
1.4042964
1.3776658
1.8770256
1.4296727
2.2197948
2.4705071
2.0467424
2.1612325
2.3420727
0.57488096
0.5453083
1.7430693
2.1962156
0.690894
2.075186
1.5596324
1.7456317
2.475555
1.0921456
0.5318942
2.0039978
2.0303729
0.74394554
1.955116
1.5301862
0.31836444
0.9630631
1.7326995
1.663452
0.7820334
2.2540827
0.47880918
2.500692
0.2603799
2.2837825
1.6979785
0.5488518
2.2260375
1.1214044
0.58157694
0.7210983
2.4751117
1.4116579
1.3235519
2.0255885
0.4929294
2.2729156
2.0480046
2.5284748
0.5487023
1.7655318
2.312965
2.1091456
1.2499379
0.5223317
2.0203784
1.7869804
2.366286
1.2558284
0.36177057
1.9544038
2.4092543
0.9862844
1.5422338
0.830101
1.0186467
0.26196504
1.9139209
2.465924
1.5722632
0.6279677
2.4125981
1.7697682
1.8768001
1.6389391
2.1264396
2.429475
1.9685267
0.7328902
0.5768808
0.8203646
0.9055089
2.4997954
2.2233782
2.4815598
2.5000668
1.2118882
2.498533
1.4199067
1.2797396
2.4578903
0.95016706
1.8421082
2.479748
1.6046934
2.3545508
0.54857457
1.2975986
0.944764
0.6517104
0.947624
0.837498
1.0340956
0.42033172
1.1463375
1.8630166
2.4259498
2.1683993
1.1455866
2.2720757
1.2380221
2.352078
0.6218424
2.19235
2.4105825
1.4389851
2.216652
0.5104916
1.960962
2.3976152
1.8318125
2.4132235
0.74827486
1.3400846
0.8924139
0.4987849
1.2724943
1.9152755
0.46648854
2.4964242
0.6483642
1.8175075
0.5969234
0.4560923
1.2675126
1.508857
2.2820327
1.8421372
1.375421
0.77274513
2.4048004
2.3258867
2.4415302
1.8412517
1.5585868
2.5183666
0.63959956
0.7437094
0.8172365
0.7658676
1.6162015
0.5516084
1.3780953
2.1145658
0.6289096
0.7845179
0.5978807
0.35701466
2.0759685
1.2659955
0.66571623
0.31322247
2.5379443
2.5289946
0.66836995
1.338723
1.1582766
2.3079014
0.49409407
2.329079
2.3786738
2.0293689
0.89664596
2.4114788
1.3783859
2.0645688
1.4140625
2.4858696
1.1944017
2.121292
0.7690576
2.535419
1.8491714
1.230749
1.6802152
1.1161067
1.8122163
1.2700086
0.9634683
1.5548477
0.6358095
0.61661005
2.2221446
2.202079
2.3274517
2.5279057
0.6794279
2.0035117
1.4098235
1.4842916
1.375417
1.9927955
2.5284784
0.55066496
1.399522
2.4871795
0.5272794
0.86915135
0.9685709
2.4972806
1.4619051
1.5160836
0.4862727
1.708471
1.0388088
2.044451
1.184916
1.4560264
2.5173583
1.5015477
1.0357249
0.52665603
1.0083311
2.357858
1.5893519
0.49150765
1.6097109
1.3502132
2.4086509
0.4683203
0.465639
0.6782086
1.487198
2.24056
2.4206746
0.6520947
1.3622454
0.845496
1.1149474
0.8457752
1.8575124
2.41611
2.0891056
2.2742968
1.4141078
1.8390634
1.0729573
0.7041082
2.5254123
0.49076444
2.1160984
0.64654493
2.321312
1.0058645
2.3090334
2.0770655
2.5294788
1.4139385
1.4023466
2.5063686
0.5701004
1.3758242
1.7282969
0.26125854
1.3427008
0.57655853
2.4961565
2.1453314
1.2041965
0.64383996
0.5340981
2.0713778
1.5061914
0.95677227
2.3239393
1.9836419
0.9831318
2.1902225
0.5389661
2.3824306
0.85149837
2.5011573
0.52598524
1.0161467
0.7778397
0.7390555
1.26844
2.2292378
1.0891436
2.5014606
0.4702236
0.9113889
2.5151742
1.5050061
0.5575841
2.252819
2.052649
2.3119185
0.55511355
2.1297374
1.3375431
1.712814
2.1995807
1.8338083
0.98562765
0.6976555
1.4398805
1.6928563
0.63750213
1.5754888
0.5978299
0.95150155
0.5368412
0.94055927
1.2804325
1.2974344
2.2363305
1.2185456
0.92240053
1.1521688
2.1135414
0.6783811
2.4269137
1.0292372
2.190364
0.72216535
1.4063941
1.1159797
1.9452013
2.4251032
2.306431
0.758003
2.401055
2.4944148
2.5014281
0.60075486
2.5033274
2.2698956
0.49503517
1.711461
2.2051265
0.7277273
2.2795362
1.2884157
1.8768203
1.4448465
1.3227458
2.476603
1.3277857
0.8569978
0.6229366
2.3978724
0.74695355
2.313966
0.66305864
1.9570396
0.7124016
2.501917
1.0085425
2.4910464
0.5403831
0.5474226
0.53544265
0.5898931
0.642224
1.337883
2.3182056
1.7737432
1.3649573
0.53828675
2.0017934
1.5640795
1.3758806
0.9941714
0.5173941
0.928124
0.51800907
1.0991293
2.4878886
0.5230292
0.46776438
1.8425494
2.144658
1.0642989
2.480529
1.4789217
1.7659208
2.5103838
1.1049024
2.4893146
1.3022442
2.4820478
2.5269623
0.6787491
1.9315525
0.54879236
0.85490113
1.7692287
0.5119208
2.3878531
2.0574431
2.3029594
1.1938604
2.3406398
2.4943123
2.326932
0.629787
0.5501848
0.53033245
1.8419076
0.5424719
0.44087505
2.4008732
1.1487153
1.3040342
1.8312902
2.3071344
2.3175118
0.92430377
1.6092155
0.822334
2.3980846
2.077503
2.4867258
1.4673669
0.6556901
2.5080662
2.142601
1.3679696
0.5566714
2.3802361
1.1774435
2.356629
0.57370293
2.5309231
1.0064642
2.3316584
2.128074
1.9716357
0.6869897
0.82204753
0.6097677
0.6512379
0.6796327
2.480242
1.4544443
2.0059247
2.4011753
0.53565186
1.4248799
0.50786453
2.5151603
1.0855007
2.2054772
0.51128596
1.5170327
1.6990898
0.6872912
0.5286418
0.47373772
2.3323622
0.87956667
1.8383996
1.6474347
0.34628868
2.3761706
1.9162407
0.575279
0.59884346
2.365305
0.71148837
2.5077753
1.9379349
2.4613562
0.2605077
0.5925676
1.0739734
1.1584632
2.0801158
0.48295128
1.722654
2.000814
2.2403524
1.1188219
2.4080462
2.3770616
1.345944
1.329414
0.6399179
1.604126
1.112995
2.3706691
1.9156777
1.2913864
2.4005568
1.3469608
1.5881411
2.5310202
1.4187888
0.55558556
2.4166822
0.46269882
1.1858945
0.6609958
0.5837892
2.2372313
1.805219
2.4824665
0.51803774
0.5649253
1.4351741
1.6762817
1.3494271
1.3756535
1.0330249
0.5570714
2.3791914
0.88836753
1.1691624
0.6667192
1.710157
2.413207
2.401612
2.0170426
2.1230404
2.5363488
1.7462838
2.4192572
0.51378876
0.6942834
1.0458095
2.3943446
1.3592725
0.61617076
2.4128237
1.7240111
1.5330471
2.538248
0.5249095
1.6311775
1.2265315
0.51821965
2.5166013
0.98638785
2.3973193
2.048541
2.4949458
1.6928983
1.6548842
2.3434863
0.657019
1.0616825
2.5299883
0.31935114
0.70233536
0.6179981
2.1848068
0.6796862
1.7149147
1.614276
2.1880004
1.0857276
1.4683148
0.84302795
2.3373456
2.0934927
1.4173005
1.6393268
2.2800133
1.7807175
0.9383944
1.7225597
1.0903821
0.75380677
0.60124713
2.3324625
2.4569702
0.533375
2.4742885
0.4089054
1.7583965
2.0121276
1.8120023
1.5941699
1.7506235
1.729711
1.5208861
2.530933
1.9777666
1.2260637
1.6133406
0.91155803
1.4650567
0.9078498
1.1458399
0.34027284
0.6123615
1.664134
0.5848508
0.86898273
1.1727452
2.281865
2.0032804
0.34577322
2.1419587
0.5737947
0.7650929
0.50728995
2.0006635
0.3073148
1.185673
1.7505085
1.7023337
1.7208152
2.240922
2.2814379
0.27412963
2.0178335
0.5458172
1.04601
0.61483437
0.8280326
0.66536564
0.9850497
2.2193768
1.9221199
0.2614264
2.389915
1.59282
1.4912977
2.5127082
0.6127825
1.5528424
0.935656
0.76884186
0.926436
1.4586734
0.74619275
1.5917603
1.1222587
0.9021581
1.6080785
0.7670398
1.3563201
2.076106
1.5283022
1.6225798
0.5341176
0.7085941
2.0960243
0.67087674
1.4750805
0.5339825
1.0603304
0.5899365
0.52378786
1.6036955
0.57001925
0.8190395
0.5436842
2.5434358
2.4908538
2.2558897
0.6893223
1.3647107
2.1087816
0.8770103
0.9844346
1.8561169
1.1819817
2.4515815
0.3199296
0.66616184
1.8916892
2.455841
2.0049882
1.1851777
0.53144735
2.0642812
1.3404603
1.3886169
2.3101249
0.7517143
0.9365822
2.350956
2.4173207
2.412
0.2700827
0.5456218
1.5079585
1.0721133
0.87855756
2.4838443
1.5853806
2.2620697
0.46744293
1.5118163
2.0179033
0.8863105
1.3041755
1.8705027
1.2696012
2.440951
2.2722945
2.3283682
2.4177742
2.4131463
0.6687151
2.410281
0.87763757
2.0863802
1.665344
1.4853543
1.3256327
1.9186727
0.5958513
2.4471183
0.98031753
2.3379118
1.7661988
0.74088454
2.3661227
1.087681
1.7321185
1.2389095
0.30294526
0.28093374
2.4440732
2.454412
1.1205649
0.5573944
2.3479452
0.5882814
2.5307088
2.113615
2.3974886
0.7600592
1.609541
0.97106355
1.0194228
2.496799
1.0779009
1.0649685
0.6028639
2.438605
1.3003954
1.704421
0.47385126
0.5073637
0.7460828
1.8473715
0.65253645
0.8142415
2.3471897
1.6856186
2.0498924
2.2976794
2.3941984
0.49143904
2.4392557
2.2079175
0.5419279
0.6006212
2.005663
0.5935023
1.381463
2.4765403
0.8144829
2.4632044
2.5286064
0.848563
2.5171282
0.55456007
1.342798
2.5101342
1.696624
2.3518076
2.5233657
1.396832
0.6007009
0.557186
1.441301
1.7094477
2.4786246
2.5351596
2.5147545
0.49602437
0.60646343
2.2066712
0.54493296
1.8637503
