0
28.521152
32.8783
35.711567
20.489323
27.937195
23.305231
6.7354774
7.2581105
10.583411
28.53477
20.401026
22.05089
32.20112
25.714138
23.753273
21.771238
33.221203
12.516614
8.71207
27.171463
16.847134
13.213315
19.982174
32.709686
0.90534455
34.43171
7.4440084
23.114105
0.019627914
3.9546056
3.9922526
30.321836
24.166178
14.865034
24.299583
8.454225
15.132658
6.2637315
0.7431688
24.74401
24.67969
29.26708
19.745188
8.58415
5.3128934
30.315914
30.596811
9.41986
8.802075
12.875134
0.5419641
8.692013
3.7399635
14.554569
33.685085
6.0843477
9.88273
15.993004
9.675786
8.356153
37.33272
32.756596
3.700018
4.3268213
18.985025
25.56468
24.641401
4.0432673
11.550763
35.231434
25.78931
4.941084
7.7405977
12.519094
23.598541
4.8404503
12.019146
23.076231
13.130306
23.407578
22.303156
33.745716
26.099989
6.9647098
36.758953
3.910622
8.677102
13.134153
21.425764
15.985409
31.770052
29.021626
28.21607
28.822817
21.436678
13.244745
21.146254
14.279474
32.432655
26.297812
33.36899
23.62858
3.0814252
9.036885
19.89775
5.692493
13.686618
24.100775
4.114231
29.123028
29.576077
5.387603
5.4602027
19.692766
22.124815
22.215801
32.384224
29.249647
1.8280498
17.646563
11.882876
34.0033
2.935062
3.2647321
32.641094
11.328765
37.379627
7.0170927
16.138039
19.883236
33.847023
36.652466
3.802418
1.1068593
30.725912
21.563414
5.2021184
7.898603
31.19298
37.147175
30.01365
12.201974
25.992592
34.30445
6.1777143
34.322865
31.153889
7.9852467
13.795644
23.07651
4.0569177
13.005596
2.4214396
5.6966834
19.939901
33.874954
14.679163
18.630545
25.515326
14.901563
19.280502
14.505946
9.420291
18.5033
23.138363
37.456135
6.3696547
28.338541
3.7628474
13.884083
35.54015
32.59793
11.127586
10.341574
10.004365
0.5662457
5.306653
36.349705
8.6485195
35.502365
2.0045886
16.997772
7.368065
15.679489
1.6119449
35.451317
33.87504
5.801416
7.507833
35.68133
21.042305
11.271789
8.528482
17.166584
20.209757
35.03692
8.138124
4.0000587
30.070717
3.34983
28.673775
18.342842
7.2666783
13.343135
29.486488
33.27445
6.743457
14.082279
2.3377733
14.910512
28.369715
14.573082
32.568302
16.50656
15.500199
11.861952
17.6697
16.075136
0.83191794
14.26319
26.436245
13.213936
35.02514
17.307056
35.91847
15.403798
11.497163
5.898987
10.815935
6.619555
26.137455
23.953102
30.447775
13.419405
9.375325
34.468433
31.820839
31.148556
36.0897
13.936456
13.934569
21.897987
24.36352
33.575016
25.838264
34.809895
13.647705
24.807419
7.4599957
21.381653
18.534094
12.542287
28.100893
23.010023
21.116646
11.529475
29.811405
19.372158
8.711643
29.254192
24.083462
30.749586
13.104517
17.885794
2.4873612
30.528023
2.237407
2.8803418
30.953953
3.3462503
36.87501
17.38182
32.04641
1.8961846
17.095676
28.182667
20.081547
37.157803
14.138959
7.6473656
19.295805
24.862408
22.585218
21.374039
11.840486
17.565945
21.80373
6.467435
1.0919075
6.729869
1.8248926
34.699196
24.03197
19.112206
36.884987
18.023424
11.38775
4.1467075
4.45384
13.802376
34.606224
32.353817
25.511662
9.3120985
1.6868838
3.2145107
18.422384
28.053268
22.40975
0.6334232
23.347614
35.290333
6.069362
18.96282
23.783352
4.8216066
34.628735
20.432467
15.095635
9.747263
30.18706
33.120274
19.072252
15.750394
6.9284534
0.4115705
12.912949
24.604433
35.346523
24.019056
30.35047
16.13173
10.222761
27.937931
9.066636
22.378128
13.044858
2.1995914
22.72358
17.833174
19.418074
2.4800627
8.299706
6.7140274
34.09958
24.651875
9.687858
15.436186
17.509615
14.9694805
32.376003
13.884279
24.502647
1.0625072
34.87495
31.725246
33.610157
17.870169
24.915945
17.521536
18.607088
14.605689
24.01012
1.336507
22.175701
37.42352
25.522194
9.954817
26.888832
20.367115
1.5129066
33.98684
35.460266
32.649662
21.214043
5.122402
29.56517
2.4832962
27.168442
6.670006
17.252642
31.380999
30.574032
37.648212
15.382934
17.349539
20.078297
26.860798
30.173414
34.10911
24.311607
10.016258
8.60845
29.388916
6.951908
0.5129076
17.970158
32.973274
15.018802
15.667021
27.068466
14.579646
0.2562055
16.932951
1.5631752
31.764814
2.1068358
5.224299
37.26805
21.641148
17.65147
21.338902
17.163097
35.705147
13.872771
34.775414
18.100603
7.334283
22.471746
20.130766
24.939266
7.231764
34.745155
11.268558
24.264874
22.951633
3.7648969
31.78521
3.9707394
11.178646
26.625206
26.60473
14.923075
30.657215
5.946597
19.642916
0.7732387
33.699615
37.3531
5.795722
26.840477
27.17897
22.412844
31.697401
29.335712
14.276174
25.026405
2.4372363
26.506731
25.302073
13.220009
19.497429
14.334291
16.07299
16.17568
19.943895
34.911995
9.925042
16.649057
20.957127
0.06053307
37.213764
13.952362
26.958887
10.058851
11.9639225
16.326906
29.190918
26.394112
30.541342
27.872398
23.757896
5.7109075
18.005054
13.524729
20.015238
19.036226
26.729313
29.262535
29.317957
19.745327
3.4310582
16.811451
4.185282
17.647047
9.564517
16.548597
22.673172
14.964084
18.994158
36.35282
25.657852
27.854548
13.739779
6.701161
23.999954
33.239677
19.20616
34.07052
24.867285
31.807728
33.577305
4.3343716
3.2784414
21.115406
28.120554
14.807505
9.488239
31.388945
22.56333
10.147867
29.816933
22.720383
18.023136
34.576187
20.020746
23.490826
4.1658792
1.6746037
25.432276
25.574385
11.434807
2.1015396
9.84566
1.7262745
12.227316
11.48924
7.692488
10.985594
32.956635
22.259491
6.917117
37.11311
35.67542
25.508198
23.460577
22.337217
32.935432
0.522471
30.443779
31.984072
29.489618
22.021006
21.29036
10.831387
21.525625
25.422394
23.549713
6.47347
8.166567
32.303734
25.188002
33.291607
5.746977
1.4005904
31.049147
29.073736
33.14117
14.077411
4.6344776
14.161912
31.748333
33.708187
28.50077
14.000102
15.663092
23.071096
13.725638
35.790234
8.24329
25.444967
31.03172
11.995619
15.99276
2.134753
30.791069
5.313895
26.926908
21.849524
27.634958
34.19322
20.76663
26.517126
12.280859
1.5818526
11.843148
24.564814
4.599363
4.288507
36.446964
0.6347063
20.769514
23.196896
13.338086
22.852495
11.637528
27.90958
31.543245
4.4713016
7.7708116
32.850307
7.3249354
27.437393
16.40698
12.225498
33.84959
29.029776
1.3793356
3.7232747
11.128759
3.8786938
0.43233094
12.693233
1.1207663
22.075502
21.559727
18.557201
29.824207
1.4637144
24.196136
21.12461
19.710487
18.475847
1.9347686
31.179338
5.172891
30.042
10.667024
23.354382
27.328035
12.828412
30.749123
4.4840245
3.9124084
12.779702
1.745462
21.129715
33.967342
24.677437
14.252779
8.312403
4.6266646
9.403631
4.4835234
24.219788
9.848288
10.3329115
25.637192
28.937641
8.817448
24.435478
28.503239
16.999609
19.673952
22.369192
35.07912
19.49941
4.2950864
9.252115
8.910466
27.56806
19.366247
33.331768
9.665151
19.795336
32.382572
14.626199
13.187516
28.86235
28.535471
15.32885
37.205296
20.518402
10.786079
1.7894883
20.30166
19.782187
6.76304
18.96548
1.5764911
17.0649
1.2608829
21.8806
33.796158
27.193663
9.302458
24.671227
36.564137
18.645767
14.376283
12.835282
12.379546
35.53465
9.2395115
13.699698
33.604176
22.109493
2.689168
32.715748
13.449757
26.326035
21.357237
11.906731
35.003353
26.215714
19.273
0.22921628
22.680002
26.804146
17.170221
14.260602
23.917398
17.19563
24.323555
19.161129
26.163523
24.245634
25.759253
22.305126
34.63967
7.5450487
11.785171
15.08769
26.12996
26.67723
17.512764
12.750891
0.0971666
22.103535
17.790108
26.182533
27.615416
32.558754
36.115387
2.6798563
8.3646345
36.318897
32.863335
35.264366
30.643055
9.579986
19.037582
3.1129444
13.228907
7.592895
9.000393
30.60373
4.4805145
15.315629
21.352495
19.145596
7.887008
33.205605
36.631348
9.176433
25.869343
30.380445
31.271894
28.110043
13.867175
25.807436
19.790735
4.6051536
15.529743
24.07529
26.446747
37.094006
20.690292
3.5132594
26.268265
30.901972
20.98711
32.984978
35.3354
14.642342
2.953528
20.016415
19.175873
36.157436
28.706627
30.9088
20.169209
23.917158
4.981877
13.45584
12.219189
17.75002
35.185028
34.29126
8.540533
21.08642
18.662369
36.87566
12.713055
18.66381
4.568477
24.878721
4.768253
17.04416
37.28113
1.6453899
26.389198
37.33863
11.119479
5.9651465
28.435326
0.39171338
16.676943
10.034585
27.33039
29.071253
10.537651
2.435414
0.16055791
20.071306
19.284336
13.400138
4.5041513
19.56875
4.5936823
5.9579473
28.69181
30.558342
24.638546
4.7866
13.332325
15.784953
36.55902
6.4843707
13.797294
6.317112
35.210743
29.64684
29.145304
9.674377
1.1311184
30.232273
9.467762
18.645287
28.752876
13.8125105
27.92056
3.695571
1.1417019
33.01839
11.914535
36.431732
17.141224
33.863262
6.178029
6.7281165
37.24256
36.430805
20.383533
24.975027
27.812546
22.662487
4.167789
10.2099085
29.924023
34.41698
14.260167
30.459677
8.831543
33.845036
15.274557
2.5740745
36.689774
23.296951
8.767258
2.6960957
31.371502
25.198128
10.062634
14.300145
29.456863
11.957925
9.171507
19.476915
12.093747
32.475372
8.443872
6.3673334
20.564674
30.399792
35.998993
12.467444
20.754803
30.467922
21.275658
31.501314
36.439106
16.993643
23.714094
0.12448165
17.581604
33.260876
16.699366
7.7412243
27.821152
34.945755
24.3268
36.847027
5.892776
25.055262
21.426414
30.329527
35.99472
33.043003
0.6950304
36.59432
37.52183
8.995878
20.543297
12.48074
9.768513
10.345452
1.6200141
37.392036
4.8086815
7.7808084
9.620289
5.051969
1.5212296
7.195721
10.698545
33.071365
31.62525
7.7956166
23.047892
22.04015
16.751877
19.425838
23.622845
9.64444
36.1949
4.7013855
6.403531
9.332321
9.37857
10.078719
36.072403
36.899323
31.908312
34.082687
0.8625092
4.1985984
20.840508
29.082743
26.372932
31.917902
36.705357
6.8405356
20.528578
7.4404263
10.580124
21.381681
31.252054
2.3062024
17.923557
35.018307
13.164605
35.561653
18.194712
17.875746
37.527573
4.7625184
26.83512
24.911804
34.318478
0.71679974
36.31442
3.1253593
26.895649
28.560833
24.869488
11.71597
1.2627523
34.10111
21.856716
7.1603394
20.436064
27.319122
13.159875
26.235716
27.28714
6.9882674
9.8007555
19.378796
21.15735
24.889313
21.95351
33.539253
27.561773
10.171758
1.139747
6.923539
14.563015
19.033361
9.515718
29.16982
18.924814
29.812864
34.379143
24.370129
30.385847
37.004246
34.393726
26.06342
20.606182
7.5772285
6.973228
7.446271
10.483407
8.71561
29.747663
32.83362
10.00976
26.661343
27.917944
27.325603
28.325983
1.6585778
33.250053
1.0745783
6.91114
23.247528
22.912457
23.177
24.185677
22.54956
12.933723
1.5349185
5.6318855
22.62717
10.922407
1.4069833
23.991056
12.206794
18.190472
4.101443
6.4636955
19.069033
31.142057
2.1308882
18.682072
18.13318
9.659399
30.019983
11.797778
4.066461
11.910477
14.351622
7.3979573
7.8532777
0.44860402
19.14039
0.99383533
4.211
22.43451
25.656324
16.410845
32.101097
34.059196
24.00409
15.0513315
31.143864
23.016459
12.545857
22.16269
28.428032
28.273592
34.245483
8.807606
10.854061
6.746531
20.165092
7.9345374
21.82805
26.215239
23.597588
26.861904
14.670687
9.738863
14.749744
9.086023
16.85367
12.488807
2.2522352
9.487714
5.1926427
32.33724
23.080345
31.760534
20.463411
11.283039
18.730537
27.147005
12.508005
33.22751
25.448612
31.572105
35.08604
23.976126
34.674442
33.74307
32.755722
15.606811
25.676086
7.1787786
18.18485
1.2807736
19.456852
37.382385
25.784697
8.829939
8.997069
9.7772
36.43149
9.016662
2.39572
18.364132
20.803724
26.935259
36.420395
25.816738
30.738577
1.6808124
29.917025
16.520025
12.137632
11.629711
31.092276
10.9829445
16.255774
31.167675
26.047253
20.575233
15.387947
6.5648103
20.772858
25.733915
28.550594
25.119713
4.3663335
32.072594
5.539355
19.95256
15.094491
27.496445
27.885054
35.028732
35.087788
19.127289
26.782652
5.3797474
25.64966
21.845419
33.1027
15.740059
18.779722
0.08976709
24.303999
15.79424
23.550617
30.007448
15.093964
15.911346
9.281334
25.775671
14.81078
20.09745
29.955362
3.476543
37.111584
20.013884
28.55629
8.889108
6.61798
27.670534
18.71069
23.983095
31.813553
2.9729111
2.143213
35.640415
33.379097
11.632929
2.3196845
7.5667977
5.373521
24.352291
8.190802
6.205886
31.99401
4.6972933
0.46589723
15.182533
7.6906233
0.12087514
12.076701
13.706242
35.874043
31.949392
35.931026
36.173313
25.129927
4.7671785
9.842638
24.651518
3.706604
29.48649
3.9862216
28.5853
24.347876
36.3933
31.754736
15.556594
2.1855474
29.742939
32.850384
7.950377
0.73541874
35.5935
15.386661
24.576153
1.729708
1.3224428
10.059902
7.5800395
6.3187165
6.460089
13.590674
5.5322785
31.344429
30.055424
31.911308
15.818698
8.72091
35.60828
6.5020213
33.169117
9.970668
6.278009
5.067862
29.84088
31.455112
15.892364
11.146001
33.30639
2.26012
18.901289
16.726404
6.129668
17.84177
25.40378
30.001184
26.581545
13.123566
21.469973
35.62646
25.088682
2.676816
10.116834
22.422909
24.276365
21.42593
20.225603
14.02224
18.016546
16.838966
4.8148656
8.5110655
6.699147
13.49785
26.820028
23.67292
32.153194
26.453226
27.341854
11.238465
14.561648
35.21978
16.14105
6.711731
19.202953
21.862314
12.387494
3.6112037
13.874611
24.065863
32.711494
36.179344
13.882694
30.038527
14.116354
25.12039
36.57758
0.26787215
4.956434
33.66769
10.980653
33.672478
35.720104
2.6169999
34.9344
7.6283894
22.335768
29.114311
35.749214
13.232047
24.055807
3.4752688
5.5591555
22.301613
4.1095233
15.716413
36.603138
2.715665
35.76308
5.095182
23.736471
11.236683
25.915894
32.15107
2.8581703
13.589743
3.833818
1.510873
34.941048
8.530484
34.054382
27.28484
18.059628
13.699098
3.127521
25.672073
36.177994
4.8370776
18.751442
27.87716
7.743276
33.637016
21.275988
14.751821
26.778404
10.18206
17.357353
33.41865
35.433266
29.915886
21.27875
0.5539341
32.42086
23.561867
17.388208
9.03897
8.69864
5.4951463
34.04305
29.782938
15.935857
16.810818
27.941395
15.886278
11.118482
15.347438
14.891365
34.61698
37.6588
31.105473
25.8944
22.569809
23.397837
17.914469
27.420813
10.482052
7.4213514
16.942604
12.855772
3.4058688
34.05273
11.416127
25.524595
13.604813
0.2102063
22.099552
7.169766
0.497612
23.421978
24.45692
27.602802
27.344116
19.438444
19.304514
31.926395
3.2031317
28.415892
29.815815
16.823925
35.40216
25.442747
23.618874
18.121397
9.343992
29.81967
36.622604
21.11115
29.610111
26.359144
33.2613
31.863434
5.7737007
19.47813
24.653873
12.970885
2.0316093
6.230702
27.41998
26.11655
23.699093
26.751635
10.841781
5.2770796
28.622437
18.474258
10.477367
18.243454
36.353107
15.005679
6.000996
0.09218715
20.207993
17.002106
2.7308686
2.8217368
19.238768
12.845457
23.142725
28.483002
19.443869
3.8925288
25.10898
11.674894
6.1306167
35.22987
29.91735
4.330381
10.521389
31.708414
33.46813
4.4248776
27.903734
30.96511
1.06739
7.5861
9.280473
15.721344
1.9232906
17.618532
2.0548146
16.508871
6.67254
29.993828
11.596151
6.7925525
6.112991
9.644139
19.25136
13.344944
34.56773
15.268011
7.245008
34.879433
4.7313476
19.140612
14.897675
12.8106575
37.522556
8.503972
18.815758
8.986331
0.5049486
18.976238
13.938412
6.659402
37.49496
10.912895
21.598316
34.731945
26.795862
23.743687
12.412708
31.329542
18.930395
2.297223
16.15321
6.9616404
3.8325574
26.36632
